
market_segment:
market_segment  Aviation  Complementary  Corporate  Direct  Groups  Offline TA/TO  Online TA
gmm_cluster                                                                                 
0                    0.0            0.0        8.4     0.0    51.2           40.4        0.0
1                    0.0            0.0        0.0    37.9     0.0           39.2       22.9
2                    4.1           12.9       56.7    13.1     0.0            3.6        9.6
3                    0.0            0.0        0.0    28.5     0.0            8.2       63.3
4                    0.0            0.0        0.0     0.0     0.0            0.0      100.0
5                    0.0            0.0        2.2     0.0    63.5           34.3        0.0
6                    0.0            0.1        7.0     4.9    50.5           21.1       16.3
7                    0.0            0.0        0.0    43.4     0.0           56.6        0.0
==============================

deposit_type:
deposit_type  No Deposit  Non Refund  Refundable
gmm_cluster                                     
0                   99.3         0.0         0.7
1                   99.9         0.0         0.1
2                  100.0         0.0         0.0
3                  100.0         0.0         0.0
4                  100.0         0.0         0.0
5                    0.0       100.0         0.0
6                   87.9        11.9         0.2
7                  100.0         0.0         0.0
==============================

customer_type:
customer_type  Contract  Group  Transient  Transient-Party
gmm_cluster                                               
0                   0.0    1.2        0.0             98.8
1                   8.0    0.7       69.1             22.2
2                   0.0    1.7       96.1              2.2
3                   0.0    1.4       73.1             25.4
4                   3.0    0.0       97.0              0.0
5                   3.7    0.0       88.5              7.8
6                  40.0    0.6       50.7              8.8
7                   8.3    0.0       91.7              0.0
==============================

meal:
meal           BB   FB    HB    SC  Undefined
gmm_cluster                                  
0            69.8  1.1  24.9   0.3        3.9
1            80.4  0.6  13.8   4.5        0.6
2            93.8  0.3   3.4   2.3        0.2
3            81.6  0.8  13.6   3.4        0.5
4            72.9  0.1   6.9  20.1        0.0
5            85.2  2.0  11.7   0.0        1.0
6            80.4  0.5  15.0   3.0        1.2
7            81.9  0.7  12.9   3.5        0.9
==============================
