
market_segment:
market_segment  Aviation  Complementary  Corporate  Direct  Groups  Offline TA/TO  Online TA
cluster                                                                                     
0                    0.0            0.1        5.1     2.6    48.9           36.5        6.8
1                    0.0            0.9        0.7    10.2     0.9            5.1       82.3
2                    0.2            0.1        1.9    11.1     3.5           39.8       43.5
3                    0.0            0.3        0.7     8.2     0.3           13.6       77.0
4                    1.0            2.5       17.7    27.7     2.6           11.3       37.2
5                    0.0            0.0        1.7     0.1    63.7           34.3        0.2
6                    0.0            0.3        0.6    14.6     0.9            8.6       75.0
==============================

deposit_type:
deposit_type  No Deposit  Non Refund  Refundable
cluster                                         
0                   98.9         0.4         0.7
1                  100.0         0.0         0.0
2                   99.2         0.7         0.1
3                  100.0         0.0         0.0
4                   99.1         0.8         0.0
5                    1.3        98.7         0.0
6                   99.9         0.1         0.0
==============================

customer_type:
customer_type  Contract  Group  Transient  Transient-Party
cluster                                                   
0                   2.0    0.9        0.2             96.9
1                   5.1    0.5       85.3              9.2
2                  14.2    0.4       75.8              9.5
3                   1.6    0.1       97.3              1.1
4                   1.7    1.2       85.7             11.4
5                   3.7    0.0       89.1              7.2
6                   1.1    0.4       92.7              5.8
==============================

meal:
meal       BB   FB    HB    SC  Undefined
cluster                                  
0        70.3  1.1  23.7   1.3        3.6
1        77.7  0.3  10.5  11.3        0.2
2        68.4  1.0  24.5   4.3        1.7
3        73.5  0.2   6.9  19.3        0.1
4        84.6  0.2   4.1  10.9        0.2
5        85.7  2.0  11.3   0.0        1.0
6        84.9  0.7  12.4   1.5        0.5
==============================
